A1_pop,1,-0.9536,0.05567,-0.397,0.39198,-0.065079
tau1_pop,-0.9536,1,-0.086168,0.52089,-0.50558,0.08841
omega_A1,0.05567,-0.086168,1,-0.17147,0.31848,-0.032556
corr_tau1_A1,-0.397,0.52089,-0.17147,1,-0.9846,0.16579
omega_tau1,0.39198,-0.50558,0.31848,-0.9846,1,-0.16406
a,-0.065079,0.08841,-0.032556,0.16579,-0.16406,1
