A1_pop,0.00042184,-0.027092,3.032e-5,-0.00016945,0.0042315,-2.0907e-6
tau1_pop,-0.027092,1.9134,-0.0031606,0.014973,-0.36757,0.00019129
omega_A1,3.032e-5,-0.0031606,0.00070316,-9.4492e-5,0.0044388,-1.3503e-6
corr_tau1_A1,-0.00016945,0.014973,-9.4492e-5,0.00043185,-0.010754,5.3891e-6
omega_tau1,0.0042315,-0.36757,0.0044388,-0.010754,0.27625,-0.00013488
a,-2.0907e-6,0.00019129,-1.3503e-6,5.3891e-6,-0.00013488,2.4467e-6
