A1_pop,1,0.18236,-0.0021735,0.13994,-0.11205,0.024703
tau1_pop,0.18236,1,0.00050996,-0.9128,0.73579,-0.16353
omega_A1,-0.0021735,0.00050996,1,0.077787,0.60851,-1.244e-5
corr_tau1_A1,0.13994,-0.9128,0.077787,1,-0.7006,0.16893
omega_tau1,-0.11205,0.73579,0.60851,-0.7006,1,-0.13614
a,0.024703,-0.16353,-1.244e-5,0.16893,-0.13614,1
