A1_pop,0.00038535,0.0019815,-1.1619e-6,1.1549e-5,-0.00011903,5.0891e-7
tau1_pop,0.0019815,0.30639,7.6872e-6,-0.0021242,0.02204,-9.4997e-5
omega_A1,-1.1619e-6,7.6872e-6,0.00074165,8.906e-6,0.00089679,-3.5554e-10
corr_tau1_A1,1.1549e-5,-0.0021242,8.906e-6,1.7675e-5,-0.00015939,7.4534e-7
omega_tau1,-0.00011903,0.02204,0.00089679,-0.00015939,0.0029285,-7.7319e-6
a,5.0891e-7,-9.4997e-5,-3.5554e-10,7.4534e-7,-7.7319e-6,1.1014e-6
