A1_pop,1,0.95452,0.020927,0.044122,0.063233,0.0025319
tau1_pop,0.95452,1,-0.033306,-0.069955,-0.059842,-0.0034434
omega_A1,0.020927,-0.033306,1,0.44944,0.94531,0.0045531
corr_tau1_A1,0.044122,-0.069955,0.44944,1,0.48291,0.012493
omega_tau1,0.063233,-0.059842,0.94531,0.48291,1,0.010506
a,0.0025319,-0.0034434,0.0045531,0.012493,0.010506,1
