A1_pop,0.00038744,0.0037828,1.24e-5,1.7728e-6,5.6144e-5,5.1529e-8
tau1_pop,0.0037828,0.040537,-0.00020186,-2.8752e-5,-0.00054349,-7.1683e-7
omega_A1,1.24e-5,-0.00020186,0.00090618,2.7618e-5,0.0012836,1.4172e-7
corr_tau1_A1,1.7728e-6,-2.8752e-5,2.7618e-5,4.1671e-6,4.4467e-5,2.6368e-8
omega_tau1,5.6144e-5,-0.00054349,0.0012836,4.4467e-5,0.0020347,4.9001e-7
a,5.1529e-8,-7.1683e-7,1.4172e-7,2.6368e-8,4.9001e-7,1.0691e-6
