A1_pop,1,-0.919,-0.521,0.225,-0.165,-0.149,-0.0509,0.0154
tau1_pop,-0.919,1,0.442,-0.113,0.0395,0.0176,0.0407,-0.00245
I0_pop,-0.521,0.442,1,-0.196,0.115,0.0505,0.021,-0.00648
omega_A1,0.225,-0.113,-0.196,1,-0.508,0.734,0.00195,-0.00845
corr_tau1_A1,-0.165,0.0395,0.115,-0.508,1,-0.198,-0.0631,0.00205
omega_tau1,-0.149,0.0176,0.0505,0.734,-0.198,1,0.0176,-0.0327
omega_I0,-0.0509,0.0407,0.021,0.00195,-0.0631,0.0176,1,-0.0111
a,0.0154,-0.00245,-0.00648,-0.00845,0.00205,-0.0327,-0.0111,1
