A1_pop,0.00037467,0.004348,-3.8013e-6,-2.006e-6,-2.638e-5,4.8481e-8
tau1_pop,0.004348,0.077834,-0.00057986,-0.00044977,-0.0056011,1.7378e-5
omega_A1,-3.8013e-6,-0.00057986,0.0007586,2.1525e-5,0.001176,-3.1678e-7
corr_tau1_A1,-2.006e-6,-0.00044977,2.1525e-5,9.3421e-6,0.0001113,-2.4803e-7
omega_tau1,-2.638e-5,-0.0056011,0.001176,0.0001113,0.0027167,-3.3178e-6
a,4.8481e-8,1.7378e-5,-3.1678e-7,-2.4803e-7,-3.3178e-6,1.0773e-6
