A1_pop,1,-0.74045,0.008034,0.081845,0.10203,-0.0052039
tau1_pop,-0.74045,1,-0.022856,0.46851,0.13094,-0.005401
omega_A1,0.008034,-0.022856,1,-0.14388,0.80762,-0.0036606
corr_tau1_A1,0.081845,0.46851,-0.14388,1,0.2511,-0.023047
omega_tau1,0.10203,0.13094,0.80762,0.2511,1,-0.018748
a,-0.0052039,-0.005401,-0.0036606,-0.023047,-0.018748,1
