A1_pop,0.00019625,-0.0036084,1.7135e-6,7.9955e-6,5.1749e-5,-1.009e-7
tau1_pop,-0.0036084,0.12101,-0.00012105,0.0011365,0.0016492,-2.6003e-6
omega_A1,1.7135e-6,-0.00012105,0.00023179,-1.5276e-5,0.00044517,-7.7132e-8
corr_tau1_A1,7.9955e-6,0.0011365,-1.5276e-5,4.863e-5,6.3397e-5,-2.2244e-7
omega_tau1,5.1749e-5,0.0016492,0.00044517,6.3397e-5,0.0013108,-9.3944e-7
a,-1.009e-7,-2.6003e-6,-7.7132e-8,-2.2244e-7,-9.3944e-7,1.9155e-6
