A1_pop,1,0.80598,-0.0028117,-0.029582,0.037717,0.0010548
tau1_pop,0.80598,1,-0.04141,-0.4644,0.12529,0.030471
omega_A1,-0.0028117,-0.04141,1,0.20582,0.87444,-0.0036413
corr_tau1_A1,-0.029582,-0.4644,0.20582,1,-0.032429,-0.043893
omega_tau1,0.037717,0.12529,0.87444,-0.032429,1,0.0069387
a,0.0010548,0.030471,-0.0036413,-0.043893,0.0069387,1
