A1_pop,0.00037876,0.0030381,-1.4993e-6,-3.689e-6,2.1983e-5,2.1276e-8
tau1_pop,0.0030381,0.037513,-0.00021976,-0.00057635,0.00072669,6.1164e-6
omega_A1,-1.4993e-6,-0.00021976,0.00075073,3.6134e-5,0.00071751,-1.034e-7
corr_tau1_A1,-3.689e-6,-0.00057635,3.6134e-5,4.1058e-5,-6.2228e-6,-2.9149e-7
omega_tau1,2.1983e-5,0.00072669,0.00071751,-6.2228e-6,0.00089685,2.1536e-7
a,2.1276e-8,6.1164e-6,-1.034e-7,-2.9149e-7,2.1536e-7,1.0741e-6
