A1_pop,1,0.84253,0.011865,0.092517,0.079338,0.0029641
tau1_pop,0.84253,1,-0.0075572,0.061339,0.078172,0.0094614
omega_A1,0.011865,-0.0075572,1,0.29611,0.85789,0.00022
corr_tau1_A1,0.092517,0.061339,0.29611,1,0.56512,0.0060999
omega_tau1,0.079338,0.078172,0.85789,0.56512,1,0.010102
a,0.0029641,0.0094614,0.00022,0.0060999,0.010102,1
