A1_pop,0.00038373,0.0029236,6.3931e-6,9.4205e-6,5.1894e-5,6.0113e-8
tau1_pop,0.0029236,0.03138,-3.6823e-5,5.6481e-5,0.00046238,1.7352e-6
omega_A1,6.3931e-6,-3.6823e-5,0.00075659,4.2338e-5,0.00078792,6.2648e-9
corr_tau1_A1,9.4205e-6,5.6481e-5,4.2338e-5,2.7019e-5,9.8084e-5,3.2826e-8
omega_tau1,5.1894e-5,0.00046238,0.00078792,9.8084e-5,0.0011149,3.4922e-7
a,6.0113e-8,1.7352e-6,6.2648e-9,3.2826e-8,3.4922e-7,1.0718e-6
