A1_pop,1,0.83552,0.033352,0.037617,0.077625,-0.0043921
tau1_pop,0.83552,1,-0.1166,0.019731,-0.28419,0.013028
omega_A1,0.033352,-0.1166,1,0.36757,0.88544,-0.019468
corr_tau1_A1,0.037617,0.019731,0.36757,1,0.30997,-0.014939
omega_tau1,0.077625,-0.28419,0.88544,0.30997,1,-0.03315
a,-0.0043921,0.013028,-0.019468,-0.014939,-0.03315,1
