A1_pop,0.00019401,0.13665,1.2206e-5,9.2197e-7,0.00030193,-2.0138e-7
tau1_pop,0.13665,137.88,-0.035975,0.00040767,-0.93186,0.00050357
omega_A1,1.2206e-5,-0.035975,0.00069036,1.6994e-5,0.0064967,-1.6837e-6
corr_tau1_A1,9.2197e-7,0.00040767,1.6994e-5,3.0962e-6,0.00015231,-8.6531e-8
omega_tau1,0.00030193,-0.93186,0.0064967,0.00015231,0.077981,-3.0472e-5
a,-2.0138e-7,0.00050357,-1.6837e-6,-8.6531e-8,-3.0472e-5,1.0835e-5
