A1_pop,1,0.83344,-0.0017155,-0.025588,0.028009,0.00028767
tau1_pop,0.83344,1,-0.032766,-0.40699,0.14316,0.018384
omega_A1,-0.0017155,-0.032766,1,0.24262,0.86416,-0.0021115
corr_tau1_A1,-0.025588,-0.40699,0.24262,1,0.038916,-0.017272
omega_tau1,0.028009,0.14316,0.86416,0.038916,1,0.0024199
a,0.00028767,0.018384,-0.0021115,-0.017272,0.0024199,1
