A1_pop,0.00037484,0.0045468,-9.0252e-7,-1.2641e-6,2.4008e-5,5.7623e-9
tau1_pop,0.0045468,0.079399,-0.0002509,-0.00029264,0.0017859,5.3597e-6
omega_A1,-9.0252e-7,-0.0002509,0.00073843,1.6823e-5,0.0010396,-5.9365e-8
corr_tau1_A1,-1.2641e-6,-0.00029264,1.6823e-5,6.5114e-6,4.3964e-6,-4.56e-8
omega_tau1,2.4008e-5,0.0017859,0.0010396,4.3964e-6,0.00196,1.1084e-7
a,5.7623e-9,5.3597e-6,-5.9365e-8,-4.56e-8,1.1084e-7,1.0704e-6
